	patientID	Week	Lactobacillus_crispatus	Lactobacillus_iners	Lactobacillus_gasseri	Lactobacillus_jensenii	Atopobium_vaginae	Megasphaera_sp._type_1	Streptococcus_anginosus	Prevotella_genogroup_3	Clostridiales	Enterococcus_faecalis	Corynebacterium_accolens	Total	Shannon	ISDI
0	AYAC01	1	0.948929858021	0.00254291163382	0.00127145581691	0.00105954651409	0.0	0.0	0.0	0.0	0.0	0.0	0.0275482093664	4719	-0.080671116997	1.11052243417
1	AYAC02	1	0.888808559861	0.061017929439	0.00202429149798	0.0325332562175	0.000144592249855	0.0	0.0	0.0	0.0	0.0	0.0	6916	-0.400685465527	1.25823138872
2	AYAC03	1	0.0	0.202343397927	0.0	0.000225326723749	0.0824695808923	0.292023433979	0.0	0.0319963947724	0.00270392068499	0.0	0.000901306894998	4438	-1.0165649018	7.45974165668
3	AYAC04	1	0.957508342603	0.0271412680756	0.000889877641824	0.00400444938821	0.0	0.0	0.0	0.0	0.0	0.0	0.000444938820912	4495	-0.167823069403	1.08982833539
4	AYAC05	1	0.000559284116331	0.636465324385	0.000559284116331	0.277684563758	0.0	0.0	0.00279642058166	0.0	0.0	0.0	0.00195749440716	3576	-0.668178026964	2.0738056151
5	AYAC06	1	0.00116245277536	0.0142400464981	0.594594594595	0.00261551874455	0.0	0.0	0.0959023539669	0.0	0.000290613193839	0.0	0.000290613193839	3441	-0.620269561452	2.75519247751
6	AYAC07	1	0.00686740623349	0.80969360803	0.000660327522451	0.00330163761226	0.0	0.0	0.000396196513471	0.0	0.0	0.0	0.00013206550449	7572	-0.231934584296	1.52517516515
7	AYAC08	1	0.132352941176	0.837357330992	0.000438981562774	0.0	0.0	0.0	0.000219490781387	0.0	0.0	0.000219490781387	0.00395083406497	4556	-0.423381572863	1.39143039475
8	AYAC09	1	0.99711815562	0.000758380100106	0.0	0.0	0.0	0.0	0.0	0.0	0.0	0.0	0.000151676020021	6593	-0.00832613762696	1.00578811811
9	AYAC10	1	0.939091362956	0.0344483275087	0.0	0.00698951572641	0.0	0.0	0.0	0.0	0.0	0.0	0.00099850224663	6009	-0.209738349426	1.13233852217
10	EM01	1	0.0	0.127628865979	0.0	0.0	0.361855670103	0.000103092783505	0.000824742268041	0.099175257732	0.00360824742268	0.0	0.0	9700	-0.886848221296	6.36626002623
11	EM02	1	0.000729927007299	0.105352798054	0.000486618004866	0.0	0.16496350365	0.0187347931873	0.0014598540146	0.0571776155718	0.0416058394161	0.0	0.0	4110	-0.923296135417	22.9009092795
12	EM03	1	0.627415891195	0.350751610594	0.0107372942019	0.000715819613457	0.0	0.0	0.0	0.0	0.0	0.0	0.0	2794	-0.713808837253	1.93501000046
13	EM04	1	9.03016073686e-05	9.03016073686e-05	0.0	0.995575221239	0.0	0.0	0.000180603214737	0.0	0.0	0.0	0.000451508036843	11074	-0.00765347295482	1.00890859217
14	EM05	1	0.000713063320023	0.0	0.0	0.991158014832	0.0	0.0	0.0	0.0	0.0	0.0	0.0	7012	-0.0139695933642	1.01792078157
15	EM06	1	0.00108813928183	0.00326441784548	0.980685527748	0.0	0.0	0.0	0.0	0.0	0.0	0.0	0.000816104461371	3676	-0.0452391483096	1.03976482329
16	EM07	1	0.829648718296	0.107690221077	0.0166824901668	0.0230571002306	0.000135630001356	0.0	0.0	0.0	0.0	0.0	0.0	7373	-0.551342709574	1.42709513284
17	EM08	1	0.998319955199	0.0	0.0	0.000373343289154	0.0	0.0	0.0	0.0	0.0	0.0	0.0	5357	-0.00462543587673	1.00336843594
18	EM09	1	0.992822966507	0.0	0.0	0.00418660287081	0.0	0.0	0.0	0.0	0.000299043062201	0.0	0.0	6688	-0.0325032029948	1.01449195684
19	EM10	1	0.000188928773852	0.998299641035	0.000188928773852	0.000944643869261	0.0	0.0	0.0	0.0	0.0	0.0	0.0	5293	-0.0115178798007	1.00340844098
20	EM11	1	0.998793145064	0.000241370987207	0.0	0.000120685493604	0.0	0.0	0.0	0.0	0.0	0.000120685493604	0.000120685493604	8286	-0.00539427461088	1.0024179986
21	EM12	1	0.000634115409004	0.465599239062	0.0	0.532181357007	0.0	0.0	0.0	0.0	0.0	0.0	0.0	6308	-0.696271743943	1.99999979895
22	EM13	1	0.0	0.00174520069808	0.0	0.0	0.293630017452	0.0127981384526	0.0	0.0065445026178	0.0951134380454	0.0	0.0	6876	-0.68337322834	10.4739656047
23	EM14	1	0.922424456618	0.03728573953	0.0	0.0348118042057	0.0	0.0	0.0	0.0	0.0	0.0	0.0	5659	-0.314014798808	1.17168876613
24	EM15	1	0.636837266319	0.312749003984	0.0	0.0338645418327	0.0	0.0	0.0	0.0	0.000153233220962	0.0	0.000306466441925	6526	-0.766882822203	1.98208011697
25	AYAC01	1	0.9704595186	0.00218818380744	0.00218818380744	0.00191466083151	0.00054704595186	0.0	0.0	0.0	0.0	0.0	0.0125820568928	3656	-0.0719948751444	1.06179067616
26	AYAC02	1	0.856554160126	0.108908948195	0.000392464678179	0.015306122449	0.0	0.0	0.0	0.0	0.0	0.0	0.0	5096	-0.441154613672	1.34087689284
27	AYAC03	1	0.000186011904762	0.165922619048	0.0	0.0	0.217261904762	0.116257440476	0.0	0.073474702381	0.00223214285714	0.0	0.0290178571429	5376	-1.08695240933	10.677783841
28	AYAC04	1	0.753372302158	0.210881294964	0.000224820143885	0.00809352517986	0.0	0.0	0.0	0.0	0.0	0.0	0.000674460431655	4448	-0.582452654738	1.63370316049
29	AYAC05	1	0.00101394169835	0.754879594423	0.000760456273764	0.223320659062	0.000253485424588	0.0	0.000253485424588	0.0	0.000253485424588	0.0	0.0	3945	-0.565808343412	1.61363946709
30	AYAC06	1	0.000703894885031	0.0091506335054	0.918113561708	0.000469263256687	0.0	0.0	0.037541060535	0.0	0.0	0.000234631628344	0.0	4262	-0.255279533776	1.18423590415
31	AYAC07	1	0.0113457295934	0.70028364324	0.00220611408761	0.00409706901986	0.0	0.0	0.0059880239521	0.0	0.0	0.0	0.0	3173	-0.366970459314	2.03838932903
32	AYAC08	1	0.212104539202	0.777991746905	0.000825309491059	0.000275103163686	0.0	0.0	0.0	0.0	0.0	0.0	0.00275103163686	3635	-0.53232686321	1.53784580719
33	AYAC09	1	0.997899159664	0.000525210084034	0.0	0.0	0.0	0.000175070028011	0.0	0.0	0.0	0.0	0.000175070028011	5712	-0.00757927998454	1.00421464936
34	AYAC10	1	0.955999008428	0.0286316311353	0.000123946455131	0.00793257312841	0.0	0.0	0.0	0.0	0.0	0.0	0.000371839365394	8068	-0.184236651101	1.09311501829
35	EM01	1	0.0	0.0263528207752	0.0	0.0	0.553537162594	0.0	0.0053729052066	0.008954842011	0.00127926314443	0.0	0.000511705257772	7817	-0.502029839875	3.25511768005
36	EM02	1	0.0	0.0845288871656	0.0	0.0	0.188832880962	0.000387747188833	0.0	0.286932919736	0.00523458704924	0.0	0.0	5158	-0.912384509467	7.98970661325
37	EM03	1	0.743422101738	0.242226120236	0.00223249880402	0.0	0.0	0.0	0.0	0.0	0.0	0.0	0.0	6271	-0.577495211577	1.63571111
38	EM04	1	0.0	0.0	0.0	0.989476500491	0.0	0.0	0.000445910996165	0.0	0.0	0.0	0.0010701863908	11213	-0.0139083099938	1.02138374748
39	EM05	1	0.000138542532557	0.0	0.0	0.99515101136	0.0	0.0	0.0	0.0	0.0	0.0	0.000138542532557	7218	-0.00606807126533	1.00976895461
40	EM06	1	0.0	0.000748596381784	0.996132252027	0.0	0.0	0.0	0.0	0.0	0.0	0.0	0.000374298190892	8015	-0.00924813924403	1.00778003778
41	EM07	1	0.665214124718	0.255146506386	0.0136739293764	0.0378662659654	0.0	0.0	0.0	0.0	0.0	0.0	0.00015026296018	6655	-0.802335828731	1.96374764015
42	EM08	1	0.993262752647	0.0	0.0	0.0	0.0	0.0	0.0	0.0	0.000384985563041	0.0	0.00153994225217	5195	-0.00974137477262	1.01361174755
43	EM09	1	0.994568590937	0.0	0.0	0.00310366232154	0.0	0.0	0.0	0.0	0.000931098696462	0.0	0.0	6444	-0.029839090449	1.01094123324
44	EM10	1	0.000297663342759	0.998511683286	0.000297663342759	0.0	0.0	0.0	0.0	0.0	0.0	0.0	0.000446495014139	6719	-0.00632099188143	1.00298311363
45	EM11	1	0.996493349456	0.00145102781137	0.0	0.0	0.0	0.0	0.0	0.0	0.0	0.0	0.000483675937122	8270	-0.0129836628401	1.00704822885
46	EM12	1	0.000871839581517	0.289741354257	0.0	0.706480674223	0.0	0.0	0.0	0.0	0.00014530659692	0.00014530659692	0.0	6882	-0.613105374541	1.71507230206
47	EM13	1	0.0	0.000584538944907	0.0	0.000146134736227	0.311851527108	0.012859856788	0.0	0.0081835452287	0.171123776122	0.0	0.0	6843	-0.766431178528	7.88846150347
48	EM14	1	0.949423577538	0.0269616957977	0.0	0.0204537002603	0.0	0.0	0.0	0.0	0.0	0.0	0.0	5378	-0.226253571212	1.10797134624
49	EM15	1	0.792217898833	0.170428015564	0.0	0.0261478599222	0.0	0.0	0.0	0.0	0.0	0.0	0.0	6425	-0.581367462777	1.52128594329
50	AYAC01	1	0.903040415276	0.0009269558769	0.0055617352614	0.00111234705228	0.0	0.0	0.00018539117538	0.0	0.00018539117538	0.0	0.00500556173526	5394	-0.138199955725	1.22621887992
51	AYAC02	1	0.326868327402	0.450177935943	0.000533807829181	0.0485765124555	0.0	0.0	0.0	0.0	0.0	0.0	0.000533807829181	5620	-0.875743789605	3.20653579231
52	AYAC03	1	0.000191864927091	0.132386799693	0.0	0.0	0.129508825787	0.24539524175	0.000383729854183	0.058902532617	0.00364543361474	0.0	0.00249424405219	5212	-1.06908994801	10.2040184345
53	AYAC04	1	0.877624909486	0.0794110547912	0.00193096789766	0.0149650012069	0.0	0.0	0.0	0.0	0.000241370987207	0.0	0.0	4143	-0.392681187679	1.28740004047
54	AYAC05	1	0.00093370681606	0.694864612512	0.000373482726424	0.297292250233	0.0	0.0	0.0	0.0	0.0	0.0	0.000186741363212	5355	-0.623046205885	1.75063738017
55	AYAC06	1	0.00385288966725	0.0108581436077	0.949912434326	0.00105078809107	0.0	0.0	0.00350262697023	0.0	0.000700525394046	0.0	0.000350262697023	2855	-0.151438919551	1.10805750136
56	AYAC06	1	inf	inf	inf				inf					0	inf	0.0
57	AYAC07	1	0.00485809255945	0.948862183585	0.00204551265661	0.00754282792125	0.0	0.0	0.00178982357453	0.0	0.0	0.0	0.000255689082076	7822	-0.136537794571	1.1105837981
58	AYAC08	1	0.165529786266	0.828558435653	0.00113688040018	0.0	0.0	0.0	0.0	0.0	0.0	0.0	0.000454752160073	4398	-0.461255255067	1.40073583805
59	AYAC09	1	0.995226308345	0.000530410183876	0.0	0.0	0.0	0.0	0.000176803394625	0.0	0.0	0.0	0.000176803394625	5656	-0.0102902235387	1.00961586682
60	AYAC10	1	0.923174971031	0.0584009269988	0.0	0.00845886442642	0.0	0.0	0.0	0.0	0.0	0.0	0.0	8630	-0.280049009311	1.16858709649
61	EM01	1	0.0	0.105780273064	0.0	0.0	0.648079622304	0.0	0.000637999234401	0.0257751690698	0.000510399387521	0.0	0.00025519969376	7837	-0.621580332894	2.31555616849
62	EM02	1	0.0	0.31735998824	0.0	0.0	0.0515948846097	0.0201381743349	0.0	0.279435543143	0.00396883727767	0.0	0.000146993973247	6803	-0.974047262549	5.49798206915
63	EM03	1	0.868186676167	0.122372639829	0.000178126113288	0.0	0.0	0.0	0.0	0.0	0.0	0.0	0.0	5614	-0.381320973606	1.30085835943
64	EM04	1	0.0	0.000180831826401	0.0	0.992676311031	0.0	0.0	0.000452079566004	0.0	0.0	0.0	0.000542495479204	11060	-0.0123369630962	1.01480962883
65	EM05	1	0.000606060606061	0.000242424242424	0.000121212121212	0.990666666667	0.0	0.0	0.0	0.0	0.0	0.0	0.000363636363636	8250	-0.0168908857461	1.0189308329
66	EM06	1	0.0	0.000629564341476	0.998866784185	0.0	0.0	0.0	0.0	0.0	0.0	0.0	0.0	7942	-0.00577276644394	1.00226989184
67	EM07	1	0.748566513761	0.20498853211	0.00516055045872	0.0149082568807	0.000143348623853	0.0	0.000143348623853	0.0	0.0	0.0	0.000143348623853	6976	-0.634065575979	1.6594176326
68	EM08	1	0.986459577857	0.000199123855038	0.0	0.000398247710076	0.0	0.0	0.0	0.0	0.000796495420151	0.0	0.00199123855038	5022	-0.0239460666166	1.02764009507
69	EM09	1	0.990099009901	0.0	0.0	0.0049504950495	0.0	0.0	0.000618811881188	0.0	0.000618811881188	0.0	0.0	1616	-0.0452735701872	1.02007370122
70	EM10	1	0.000315357931252	0.992904446547	0.000157678965626	0.00236518448439	0.0	0.0	0.0	0.0	0.0	0.0	0.0	6342	-0.0252951772177	1.01433770568
71	EM11	1	0.995911092472	0.000733906479346	0.0	0.0	0.0	0.0	0.0	0.0	0.0	0.0	0.00136296917593	9538	-0.00937723422673	1.00822769989
72	EM12	1	0.00128803735308	0.218966350024	0.0	0.773788439865	0.0	0.0	0.0	0.0	0.000966028014812	0.0	0.0	6211	-0.546295422488	1.54631825218
73	EM13	1	0.0	0.00268576544315	0.0	0.0	0.335004476276	0.0119964189794	0.0	0.00232766338406	0.100984780662	0.0	0.000179051029543	5585	-0.680974605844	8.15777326199
74	EM14	1	0.929853181077	0.0340538336052	0.0	0.0311990212072	0.0	0.0	0.0	0.0	0.0	0.0	0.0	4904	-0.290900980155	1.15372193234
75	EM15	1	0.968974820144	0.0184352517986	0.0	0.0089928057554	0.0	0.0	0.0	0.0	0.0	0.0	0.000149880095923	6672	-0.14652792654	1.06458526775
76	AYAC01	1	0.961371527778	0.0	0.00151909722222	0.000434027777778	0.0	0.0	0.0	0.0	0.0	0.0	0.00238715277778	4608	-0.0510914063971	1.08197273135
77	AYAC02	1	0.283777079544	0.646105506863	0.0013229700678	0.0239788324789	0.0	0.0	0.0	0.0	0.0	0.0	0.000165371258475	6047	-0.73787358363	2.00578270552
78	AYAC03	1	0.000401123144805	0.161050942639	0.0	0.0	0.259927797834	0.117127958283	0.00180505415162	0.0457280385078	0.0128359406338	0.000200561572403	0.0070196550341	4986	-1.10870597629	9.13424702028
79	AYAC04	1	0.571538166475	0.391254315305	0.00652090525508	0.00728807057921	0.0	0.000383582662064	0.0	0.0	0.000383582662064	0.0	0.0	2607	-0.761605131732	2.08406385228
80	AYAC05	1	0.000766871165644	0.115414110429	0.0	0.0437116564417	0.000383435582822	0.0	0.0548312883436	0.0	0.00115030674847	0.00268404907975	0.0249233128834	2608	-0.57742424381	54.8039545883
81	AYAC06	1	0.00504710632571	0.00706594885599	0.976783310902	0.0	0.0	0.0	0.000672947510094	0.0	0.0	0.0	0.0	2972	-0.0895479035785	1.04801865289
82	AYAC06	1	0.000146241591109	0.000877449546651	0.985083357707	0.0	0.0	0.0	0.000438724773326	0.0	0.0	0.0	0.0	6838	-0.0256641638185	1.03051328674
83	AYAC07	1	0.000982921734857	0.986116230495	0.000737191301143	0.001720113036	0.0	0.0	0.000122865216857	0.0	0.0	0.0	0.000368595650571	8139	-0.037966245852	1.02835196867
84	AYAC08	1	0.142535633908	0.84096024006	0.000250062515629	0.0	0.0	0.0	0.0	0.0	0.000250062515629	0.0	0.000250062515629	3999	-0.427494097914	1.37451252382
85	AYAC09	1	0.998965338852	0.000689774098983	0.0	0.0	0.0	0.0	0.0	0.0	0.0	0.0	0.0	5799	-0.00605509235601	1.00207206054
86	AYAC10	1	0.921165048544	0.0546278317152	0.0	0.0122977346278	0.0	0.0	0.0	0.0	0.0	0.0	0.000129449838188	7725	-0.288546734938	1.17414925243
87	EM01	1	0.0	0.892590246992	0.0	0.0	0.0496516782774	0.0	0.0	0.0287523749208	0.00139328689044	0.0	0.0	7895	-0.361718737669	1.2499823776
88	EM02	1	0.0	0.347826086957	0.0	0.0	0.154174446519	0.00320085356095	0.0	0.145638837023	0.00160042678047	0.0	0.00266737796746	3749	-0.964859087136	6.0249593192
89	EM03	1	0.986399302528	0.0102877070619	0.0	0.0	0.0	0.0	0.0	0.0	0.0	0.0	0.0	5735	-0.0605926209482	1.02765478534
90	EM04	1	0.00216398172638	0.0	0.0	0.985573455157	0.0	0.0	0.000961769656167	0.0	0.0	0.0	0.000240442414042	4159	-0.0342809083518	1.02948375237
91	EM05	1	0.00033118065905	0.0	0.0	0.997019374069	0.0	0.0	0.0	0.0	0.0	0.0	0.000165590329525	6039	-0.00562987924192	1.00598789957
92	EM06	1	0.0	0.0002523977789	0.9976022211	0.0	0.0	0.0	0.0	0.0	0.0	0.0	0.0	7924	-0.0044858923936	1.00481279682
93	EM07	1	0.674239295057	0.251135894259	0.00578273440727	0.0242324108495	0.00110147322043	0.0	0.000137684152554	0.0	0.0	0.0	0.00068842076277	7263	-0.741445029963	1.9294226966
94	EM08	1	0.991057662658	0.0	0.000154178230034	0.000154178230034	0.0	0.0	0.0	0.0	0.000154178230034	0.0	0.00215849522047	6486	-0.0129620875122	1.01812738958
95	EM09	1	0.99289133904	0.0	0.0	0.00420716669085	0.0	0.0	0.000145074713477	0.0	0.0	0.0	0.0	6893	-0.0313828079303	1.01435213692
96	EM10	1	0.00137048880767	0.996649916248	0.000304553068372	0.0	0.0	0.0	0.0	0.0	0.0	0.0	0.000304553068372	6567	-0.0148453979822	1.00673199009
97	EM11	1	0.973687107784	0.00132114939998	0.0	0.0	0.0	0.0	0.0	0.0	0.000110095783331	0.0	0.0230100187163	9083	-0.0357252955129	1.05477628174
98	EM12	1	0.000606060606061	0.469696969697	0.0	0.527878787879	0.0	0.0	0.0	0.0	0.0	0.0	0.0	4950	-0.696680505508	2.00291774905
99	EM13	1	0.0	0.0434926958831	0.0	0.0	0.292330677291	0.0396746347942	0.0	0.00348605577689	0.0830013280212	0.0	0.0	6024	-0.850226481092	10.4357674731
100	EM14	1	0.225922131148	0.352971311475	0.0	0.00358606557377	0.0	0.0	0.0	0.0	0.0	0.0	0.00332991803279	3904	-0.723839092318	5.69338559076
101	EM15	1	0.971191791634	0.0115759010787	0.0	0.01197053407	0.0	0.0	0.0	0.0	0.000131544330439	0.0	0.000131544330439	7602	-0.134152973888	1.0598937381
102	AYAC01	10	0.0065180102916	0.0109777015437	0.0	0.000343053173242	0.156775300172	0.0500857632933	0.0	0.00137221269297	0.0216123499142	0.0	0.0144082332762	2915	-0.61744353009	36.0761199986
103	AYAC02	10	0.715474919957	0.218143009605	0.00192102454642	0.046318036286	0.0	0.0	0.0	0.0	0.0	0.00106723585912	0.000213447171825	4685	-0.733310705225	1.7804970366
104	AYAC03	10	0.381313131313	0.568181818182	0.00252525252525	0.0	0.0	0.0	0.0	0.0	0.0	0.0	0.010101010101	396	-0.703942706535	2.13567216419
105	AYAC04	10	0.918146718147	0.000772200772201	0.0106177606178	0.0440154440154	0.0	0.0	0.00019305019305	0.0	0.00019305019305	0.0	0.0003861003861	5180	-0.272973723392	1.18337010508
106	AYAC05	10	0.000361925443359	0.842562432139	0.00361925443359	0.0865001809627	0.000361925443359	0.0	0.00325732899023	0.0	0.000723850886717	0.0	0.0	2763	-0.40602565731	1.39388708048
107	AYAC06	10	0.0	0.000778210116732	0.931128404669	0.0	0.0	0.0	0.00194552529183	0.0	0.0	0.0	0.0	2570	-0.0841587757378	1.15339655544
108	AYAC07	10	0.983952555381	0.00523286237572	0.000348857491715	0.00697714983429	0.0	0.0	0.0	0.0	0.0	0.0	0.000697714983429	5733	-0.0808247039426	1.03280304719
109	AYAC08	10	0.230933948279	0.75078240817	0.0	0.0	0.0	0.000164717509471	0.000329435018943	0.0	0.000329435018943	0.0	0.00362378520837	6071	-0.560383862209	1.62073252174
110	AYAC09	10	0.998858186801	0.000114181319936	0.0	0.000114181319936	0.0	0.0	0.0	0.0	0.0	0.0	0.000114181319936	8758	-0.00321417383587	1.00228751738
111	AYAC10	10	0.408606294155	0.531149646757	0.000513808606294	0.0332691072575	0.000642260757868	0.0	0.000128452151574	0.0	0.000128452151574	0.0	0.00359666024406	7785	-0.825901590209	2.22130115294
112	EM01	10	0.0	0.230798919336	0.000192975685064	0.000192975685064	0.34986491702	0.0	0.000771902740255	0.0988035507526	0.0144731763798	0.0	0.00521034349672	5182	-1.00465666789	5.38659929888
113	EM02	10	0.0846526233155	0.813424048149	0.00457935365694	0.0	0.00196258013869	0.0	0.000654193379563	0.00117754808321	0.0	0.0	0.0031401282219	7643	-0.426635882601	1.4951004388
114	EM03	10	0.73161462613	0.245069843878	0.00698438783895	0.000616269515201	0.0	0.0	0.0	0.0	0.0	0.0	0.0	9736	-0.612477139276	1.67963244655
115	EM04	10	0.000143719459615	0.0	0.00028743891923	0.443374532912	0.0	0.0	0.524863466513	0.0	0.0	0.0	0.0107789594711	6958	-0.702565901378	2.11836249527
116	EM06	10	0.0	0.000790617999736	0.997232837001	0.0	0.0	0.0	0.0	0.0	0.0	0.0	0.000131769666623	7589	-0.00841047460696	1.00555675058
117	EM07	10	0.957832088135	0.00658477903001	0.00911738634925	0.0149423831835	0.0	0.0	0.0	0.0	0.0	0.0	0.0	7897	-0.17998207559	1.08957141031
118	EM08	10	0.989334102047	0.00158547131738	0.0	0.000288267512251	0.0	0.0	0.0	0.0	0.000144133756126	0.000144133756126	0.00317094263477	6938	-0.0257296542576	1.02167524507
119	EM09	10	0.861267166042	0.0207553058677	0.0454119850187	0.00686641697878	0.0	0.0	0.00109238451935	0.0	0.000156054931336	0.000156054931336	0.00702247191011	6408	-0.393856993848	1.34350356197
120	EM10	10	0.00124890720619	0.996627950543	0.0	0.0	0.0	0.0	0.0	0.0	0.0	0.0	0.000499562882478	8007	-0.01171590977	1.0067767841
121	EM11	10	0.996066863324	0.000122910521141	0.0	0.00110619469027	0.0	0.0	0.0	0.0	0.0	0.0	0.00122910521141	8136	-0.0125617631917	1.00791166817
122	EM12	10	0.0	0.822614840989	0.0	0.174381625442	0.0	0.0	0.0	0.0	0.0	0.0	0.000883392226148	5660	-0.465188782941	1.41421886895
123	EM13	10	0.000226398007698	0.129499660403	0.0	0.0	0.378990264886	0.00294317410007	0.0	0.00135838804619	0.036676477247	0.0	0.000452796015395	4417	-0.781680234109	6.1820169143
124	EM14	10	0.97917517354	0.00918742343814	0.0	0.00673744385463	0.0	0.0	0.0	0.0	0.0	0.0	0.000816659861168	4898	-0.0973824697066	1.04284657981
125	EM15	10	0.993256262042	0.000578034682081	0.0	0.00443159922929	0.0	0.0	0.0	0.0	0.0	0.0	0.00019267822736	5190	-0.0350455159821	1.01360462635
126	AYAC01	10	0.000923929781337	0.0363412380659	0.0	0.000307976593779	0.0425007699415	0.36834000616	0.0	0.000923929781337	0.00677548506314	0.0	0.00677548506314	3247	-0.671811191212	7.20206477686
127	AYAC02	10	0.789636504254	0.158739365816	0.00174013921114	0.034222737819	0.0	0.0	0.0	0.0	0.0	0.000580046403712	0.0	5172	-0.609533184691	1.53870168143
128	AYAC03	10	0.617799113737	0.36447562777	0.00203101920236	0.000184638109306	0.0	0.0	0.000184638109306	0.0	0.0	0.0	0.000184638109306	5416	-0.681156154043	1.94354989874
129	AYAC04	10	0.946978335234	0.000380083618396	0.00399087799316	0.0321170657545	0.0	0.0	0.0	0.0	0.0	0.0	0.000190041809198	5262	-0.187058567991	1.11381453094
130	AYAC05	10	0.000299490865529	0.828990715783	0.000598981731057	0.0922431865828	0.0	0.0	0.00329439952081	0.0	0.000299490865529	0.0	0.0	3339	-0.403453474639	1.43730654914
131	AYAC06	10	0.000335457900034	0.00167728950017	0.920831935592	0.0	0.0	0.0	0.0010063737001	0.0	0.0	0.0	0.000335457900034	2981	-0.0962960402502	1.17933513469
132	AYAC07	10	0.984936450651	0.00298132747529	0.000156911972383	0.00878707045348	0.0	0.0	0.0	0.0	0.0	0.000156911972383	0.000784559861917	6373	-0.0766382907614	1.03073023027
133	AYAC08	10	0.348208802456	0.6329580348	0.0	0.0	0.0	0.0	0.0	0.0	0.000204708290686	0.0	0.000818833162743	4885	-0.658566775972	1.91612989894
134	AYAC09	10	0.998996990973	0.000125376128385	0.0	0.00025075225677	0.0	0.0	0.0	0.0	0.0	0.0	0.0	7976	-0.00420790737157	1.00200896126
135	AYAC10	10	0.366765885855	0.561278633364	0.000388248997023	0.0427073896726	0.000905914326388	0.0	0.000129416332341	0.0	0.0	0.0	0.00452957163194	7727	-0.837265364363	2.21544871623
136	EM01	10	0.0	0.604952166573	0.0	0.0	0.345526167698	0.0	0.0	0.00431438754455	0.000562746201463	0.0	0.00131307447008	5331	-0.698944794693	2.06026528536
137	EM02	10	0.000600240096038	0.441176470588	0.000600240096038	0.0	0.00360144057623	0.0	0.000600240096038	0.000600240096038	0.0	0.000600240096038	0.0174069627851	1666	-0.403545930383	5.1373878793
138	EM03	10	0.984017781541	0.00740897544454	0.00158763759526	0.000529212531753	0.000105842506351	0.0	0.0	0.0	0.0	0.0	0.000105842506351	9448	-0.0673897188113	1.03268585052
139	EM04	10	0.0	0.0	0.000299266796349	0.969624420171	0.0	0.0	0.0252880442915	0.0	0.0	0.0	0.000598533592698	6683	-0.125332651364	1.06291263957
140	EM06	10	0.000129584035247	0.000259168070494	0.996112478943	0.0	0.0	0.0	0.0	0.0	0.0	0.0	0.000388752105741	7717	-0.00718010366866	1.00782053145
141	EM07	10	0.96690629648	0.0023549826475	0.00260287555776	0.0123946455131	0.0	0.0	0.0	0.0	0.000247892910263	0.0	0.0	8068	-0.118757270029	1.06943431046
142	EM08	10	0.99181184669	0.00348432055749	0.0	0.0	0.0	0.0	0.0	0.0	0.0	0.0	0.00121951219512	5740	-0.0278739887385	1.01656711657
143	EM09	10	0.0397993311037	0.948996655518	0.00334448160535	0.00250836120401	0.0	0.0	0.0	0.0	0.0	0.0	0.0	5980	-0.212074659443	1.10840645604
144	EM10	10	0.000642260757868	0.881567116249	0.0	0.0	0.0	0.0	0.0	0.0	0.000128452151574	0.000128452151574	0.00346820809249	7785	-0.118147984737	1.28673462334
145	EM11	10	0.994428394552	0.000412711514651	0.0	0.00123813454395	0.0	0.0	0.0	0.0	0.0	0.0	0.00165084605861	4846	-0.0170604752947	1.01123529414
146	EM12	10	0.0	0.659868421053	0.0	0.339144736842	0.0	0.0	0.0	0.0	0.0	0.0	0.000328947368421	6080	-0.641043891025	1.81671033028
147	EM13	10	0.000405761817813	0.110772976263	0.0	0.0	0.408805031447	0.0683708663015	0.0	0.00344897545141	0.0600527490363	0.0	0.0	4929	-0.984463440027	5.32807135546
148	EM14	10	0.985475770327	0.00176462603502	0.0	0.0108592371386	0.0	0.0	0.0	0.0	0.0	0.0	0.0	7367	-0.0747191415058	1.02956548551
149	EM15	10	0.991593632624	0.00053657664103	0.0	0.00626006081202	0.000357717760687	0.0	0.0	0.0	0.0	0.0	0.0	5591	-0.0470111104868	1.01698617446
150	AYAC01	10	0.0	0.0525714285714	0.0	0.0	0.022	0.391714285714	0.0	0.00114285714286	0.00285714285714	0.0	0.00685714285714	3500	-0.630423552403	6.381730642
151	AYAC02	10	0.71261199173	0.207213416035	0.00390535263037	0.044337238686	0.0	0.0	0.000229726625316	0.0	0.0	0.00183781300253	0.00367562600505	4353	-0.740911099005	1.80917631942
152	AYAC03	10	0.565487048522	0.421743889092	0.00145932141554	0.0	0.0	0.0	0.0	0.0	0.0	0.0	0.000729660707771	2741	-0.696010618482	2.00946199529
153	AYAC04	10	0.955215085445	0.00117855038303	0.0041249263406	0.0263209585543	0.0	0.0	0.0	0.0	0.0	0.000392850127676	0.000196425063838	5091	-0.17318338467	1.09511367755
154	AYAC05	10	0.0015559013114	0.81662591687	0.000889086463659	0.0906868192932	0.000444543231829	0.0	0.0	0.0	0.0	0.0	0.0	4499	-0.402844102165	1.4812501953
155	AYAC06	10	0.0	0.00573065902579	0.896848137536	0.0	0.0	0.0	0.0	0.0	0.0	0.0	0.00286532951289	349	-0.127219949838	1.24320986394
156	AYAC07	10	0.98128342246	0.00213903743316	0.000534759358289	0.0110516934046	0.0	0.0	0.0	0.0	0.0	0.0	0.00142602495544	5610	-0.0855083252364	1.03837398647
157	AYAC08	10	0.127458339589	0.865485662813	0.000150127608467	0.000150127608467	0.0	0.0	0.0	0.0	0.0	0.0	0.000150127608467	6661	-0.390235191511	1.30665815802
158	AYAC09	10	0.999504091247	0.000247954376395	0.0	0.000123977188197	0.0	0.0	0.0	0.0	0.0	0.000123977188197	0.0	8066	-0.00478482092228	1.00099246336
159	AYAC10	10	0.395204741379	0.553475215517	0.00121228448276	0.0304418103448	0.00255926724138	0.0	0.0	0.0	0.0	0.0	0.00161637931034	7424	-0.824006141994	2.15770061998
160	EM01	10	0.000245760629147	0.823789628901	0.00122880314574	0.000245760629147	0.0825755713935	0.0	0.000245760629147	0.00688129761612	0.00835586139101	0.0	0.0088473826493	4069	-0.454235777997	1.45864676293
161	EM02	10	0.000269034167339	0.959913909066	0.0013451708367	0.0	0.00188323917137	0.0	0.0	0.000269034167339	0.0	0.0	0.0013451708367	3717	-0.0644050879413	1.08525760563
162	EM03	10	0.987485036457	0.00598541734683	0.00152356077919	0.000217651539885	0.0	0.0	0.0	0.0	0.0	0.0	0.000108825769942	9189	-0.0547905187311	1.02546759955
163	EM04	10	0.0	0.0	0.000399467376831	0.970972037284	0.0	0.0	0.00878828229028	0.0	0.0	0.0	0.00332889480692	7510	-0.0733351792386	1.06059824518
164	EM06	10	0.0	0.000552028705493	0.998205906707	0.0	0.0	0.0	0.0	0.0	0.0	0.0	0.0	7246	-0.00593375289189	1.00359755912
165	EM07	10	0.951234342697	0.00753982731363	0.00790465766752	0.0153228748632	0.0	0.0	0.0	0.0	0.000364830353885	0.0	0.000121610117962	8223	-0.189582322092	1.10472697868
166	EM08	10	0.993686255464	0.0011332361988	0.0	0.000161890885543	0.0	0.0	0.0	0.000161890885543	0.0	0.0	0.000809454427716	6177	-0.0168063045113	1.012746723
167	EM09	10	0.142614280317	0.834151870042	0.00793350963355	0.00170003777862	0.0	0.0	0.0	0.0	0.0	0.00132225160559	0.000188893086513	5294	-0.486999604323	1.39622731558
168	EM10	10	0.000298507462687	0.690298507463	0.0	0.0	0.0	0.0	0.000149253731343	0.0	0.0	0.000149253731343	0.00597014925373	6700	-0.260898843393	2.09858231859
169	EM11	10	0.996257796258	0.0004158004158	0.0	0.0015246015246	0.0	0.0	0.0	0.0	0.0	0.0	0.0011088011088	7215	-0.0168609254114	1.00752409533
170	EM12	10	0.0	0.622274602239	0.0	0.375761147122	0.000196425063838	0.0	0.0	0.0	0.0	0.0	0.0	5091	-0.664662907503	1.89242631716
171	EM13	10	0.00043956043956	0.15010989011	0.0	0.00021978021978	0.187912087912	0.096043956044	0.0	0.00241758241758	0.0443956043956	0.0	0.0	4550	-0.981930508824	14.4832179363
172	EM14	10	0.971955128205	0.0088141025641	0.0	0.0136217948718	0.0	0.0	0.0	0.0	0.0	0.0	0.00160256410256	1248	-0.127871328383	1.05824583718
173	EM15	10	0.992486187845	0.00110497237569	0.0	0.00441988950276	0.000662983425414	0.0	0.0	0.0	0.0	0.0	0.0	4525	-0.0438233617974	1.01517686469
174	AYAC01	10	0.000253164556962	0.0574683544304	0.0	0.0	0.0253164556962	0.337974683544	0.0	0.00227848101266	0.00329113924051	0.000253164556962	0.00607594936709	3950	-0.660729938971	8.46119806552
175	AYAC02	10	0.659447194719	0.278052805281	0.00247524752475	0.0400165016502	0.000206270627063	0.0	0.0	0.0	0.0	0.0	0.000618811881188	4848	-0.775852263977	1.94631496956
176	AYAC03	10	0.787333063537	0.202751922299	0.000404694455686	0.0	0.0	0.0	0.0	0.0	0.0	0.0	0.000202347227843	4942	-0.514961904736	1.51285504998
177	AYAC04	10	0.949237634808	0.000371885459279	0.00595016734846	0.029378951283	0.0	0.0	0.0	0.0	0.0	0.0	0.000185942729639	5378	-0.186512561641	1.10870798298
178	AYAC05	10	0.00143437724121	0.759741812097	0.00143437724121	0.106382978723	0.00167344011475	0.0	0.000478125747071	0.0	0.0	0.0	0.000239062873536	4183	-0.480268134894	1.69914265466
179	AYAC06	10	0.000274649821478	0.000549299642955	0.917330403735	0.0	0.0	0.0	0.00411974732216	0.0	0.0	0.0	0.000274649821478	3641	-0.108155357334	1.18833659172
180	AYAC07	10	0.983588621444	0.00692924872356	0.00018234865062	0.0072939460248	0.0	0.0	0.0	0.0	0.0	0.0	0.00018234865062	5484	-0.088189565183	1.03354064111
181	AYAC08	10	0.127921958402	0.861402540033	0.0	0.0	0.0	0.0	0.0	0.0	0.0	0.0	0.000184060371802	5433	-0.391565924892	1.3186030196
182	AYAC09	10	0.999636671915	0.0	0.0	0.0	0.0	0.0	0.0	0.0	0.0	0.0	0.0	8257	-0.000363262073617	1.00072705238
183	AYAC10	10	0.352185756908	0.573485536386	0.000518874043326	0.0535737449734	0.00090802957582	0.0	0.000129718510831	0.0	0.000129718510831	0.0	0.00194577766247	7709	-0.855811538225	2.19398446537
184	EM01	10	0.000149476831091	0.662630792227	0.0	0.0	0.0947683109118	0.0	0.0304932735426	0.0303437967115	0.0034379671151	0.000149476831091	0.0439461883408	6690	-0.730623879376	2.22260228921
185	EM02	10	0.000482858522453	0.903750201191	0.000321905681635	0.0	0.000965717044906	0.083856430066	0.000160952840818	0.000160952840818	0.0	0.0	0.0	6213	-0.31510405678	1.21389033116
186	EM03	10	0.960882867133	0.0260052447552	0.00305944055944	0.000874125874126	0.000218531468531	0.0	0.000218531468531	0.0	0.0	0.0	0.0	4576	-0.160799272537	1.08227172402
187	EM04	10	0.0	0.0	0.000277046682366	0.921872835573	0.0	0.0	0.00415570023549	0.0	0.000277046682366	0.0	0.00581798032969	7219	-0.102318102756	1.17665477164
188	EM06	10	0.0	0.000260145681582	0.998178980229	0.000130072840791	0.0	0.0	0.0	0.0	0.0	0.0	0.000260145681582	7688	-0.00513048889279	1.00365192688
189	EM07	10	0.950978053435	0.0265982824427	0.00131202290076	0.00882633587786	0.0	0.0	0.0	0.0	0.0	0.0	0.0	8384	-0.194725311524	1.10479371364
190	EM08	10	0.995750493246	0.0	0.0	0.0	0.0	0.0	0.0	0.0	0.0	0.0	0.000303536196691	6589	-0.00424046478279	1.00855349702
191	EM09	10	0.556223342381	0.427879022877	0.00465296626599	0.00542846064366	0.0	0.0	0.0	0.0	0.0	0.0	0.0	5158	-0.742808287553	2.03039096049
192	EM10	10	0.000572475383559	0.70368674147	0.0	0.0	0.0	0.0	0.000228990153423	0.0	0.0	0.000114495076712	0.00721318983284	8734	-0.254523231603	2.01948633303
193	EM11	10	0.99301252472	0.00171390903098	0.0	0.00171390903098	0.0	0.0	0.0	0.0	0.0	0.0	0.00184574818721	7585	-0.0287947054711	1.01411675962
194	EM12	10	0.0	0.655261459006	0.0	0.339089735313	0.000161394448031	0.0	0.0	0.0	0.0	0.000161394448031	0.0	6196	-0.646533556013	1.8370551201
195	EM13	10	0.00109910239971	0.100018318373	0.0	0.0	0.422055321487	0.00329730719912	0.0	0.000183183733284	0.0485436893204	0.0	0.0	5459	-0.769121773261	5.24926221368
196	EM14	10	0.983604091456	0.00120336943442	0.0	0.0106799037304	0.0	0.0	0.0	0.0	0.0	0.0	0.000601684717208	6648	-0.0728308259422	1.03349290353
197	EM15	10	0.993354885057	0.000718390804598	0.0	0.00395114942529	0.0	0.000359195402299	0.0	0.0	0.0	0.0	0.0	5568	-0.0365367349205	1.0134071903
